procs=[2 4 6 8 10 12 14 16];
kappas=[4
16
32
64
];

%I
t1=[[.00009098052978515625 .00025780200958251953 .00048586130142211914 .00145117044448852539 .00353901386260986328 .00562554597854614257 .00923352241516113281 .01402876377105712890 ]
[.00043380260467529296 .00240114927291870117 .00557526350021362304 .02243101596832275390 .04671565294265747070 .07473417520523071289 .12046680450439453125 .17441589832305908203 ]
[.00178245306015014648 .01101546287536621093 .02506147623062133789 .10130844116210937500 .18900775909423828125 .33116444349288940429 .50412207841873168945 .79142146110534667968 ]
[.00966224670410156250 .05496592521667480468 .12519581317901611328 .50225864648818969726 .86070685386657714843 1.34091846942901611328 2.36922539472579956054 3.52292164564132690429 ]
];

%II
t2=[[.00009847879409790039 .00035148859024047851 .00061482191085815429 .00207427740097045898 .00506709814071655273 .00819374322891235351 .01219993829727172851 .01797441244125366210 ]
[.00049412250518798828 .00294282436370849609 .00678126811981201171 .02416821718215942382 .05073689222335815429 .09094243049621582031 .14476187229156494140 .21775203943252563476 ]
[.00188772678375244140 .01200423240661621093 .02673600912094116211 .10040794610977172851 .18995077610015869140 .33749094009399414062 .56424759626388549804 .82078481912612915039 ]
[.00971021652221679687 .05481965541839599609 .12721043825149536132 .47689735889434814453 .88532979488372802734 1.46069421768188476562 2.47209140062332153320 3.57607152462005615234 ]
];

%I Single proc
ts=[[.00000106096267700195 ]
[.00000514984130859374 ]
[.00002447366714477538 ]
[.00016769170761108398 ]
];

%Extra I
te1=[[.00001025199890136718 .00018346309661865234 .00039677619934082031 .00156998634338378906 .00300306081771850585 .00542503595352172851 .00959769487380981445 .01358014345169067382 ]
[.00051102638244628906 .00319850444793701171 .00746803283691406250 .03091961145401000976 .05872333049774169921 .10702161788940429687 .15318048000335693359 .23338800668716430664 ]
[.00311338901519775390 .01774307489395141601 .03977242708206176757 .16920428276062011718 .27640869617462158203 .50181294679641723632 .79334669113159179687 1.18073706626892089843 ]
[.02443273067474365234 .11412230730056762695 .27197006940841674804 1.01523927450180053710 1.76373997926712036132 2.72906571626663208007 4.99705851078033447265 9.08551775217056274414 ]
];

%Extra II
te2=[[.00001397132873535156 .00024502277374267578 .00048589706420898437 .00155019760131835937 .00304980278015136718 .00573314428329467773 .01103236675262451171 .01356267929077148437 ]
[.00051000118255615234 .00320451259613037109 .00850229263305664062 .02886160612106323242 .05049041509628295898 .10042616128921508789 .15031790733337402343 .22700853347778320312 ]
[.00312370061874389648 .01778634786605834960 .03966568708419799804 .16218363046646118164 .28372867107391357421 .48632177114486694335 .77457038164138793945 1.19763451814651489257 ]
[.02449638843536376953 .11422228813171386718 .27360285520553588867 1.02823909521102905273 1.75625309944152832031 2.72383594512939453124 5.02426097393035888671 9.12128950357437133789 ]
];

%Extra I Single proc
tes=[[.00000118017196655273 ]
[.00001449584960937500 ]
[.00009244680404663085 ]
[.00119565725326538085 ]
];

%BTest I
bt1=[[.00012841224670410156 .00031909942626953125 .00077810287475585937 .00173608064651489257 .00354336500167846679 .00809371471405029296 .01069416999816894531 .01686457395553588867 ]
[.00049182176589965820 .00315903425216674804 .00911422967910766601 .02668848037719726562 .04907414913177490234 .10164916515350341796 .16211320161819458007 .23529798984527587890 ]
[.00183745622634887695 .01377202272415161132 .03901900053024291992 .11960395574569702148 .23074501752853393554 .45056694746017456054 .67885978221893310546 1.02555148601531982421 ]
[.01001884937286376953 .06571068763732910156 .17812852859497070312 .61192104816436767577 1.13053140640258789062 1.69388725757598876953 3.16360146999359130859 4.62945348024368286132 ]
];

%BTest II
bt2=[[.00007706880569458008 .00043631792068481445 .00086213350296020507 .00198514461517333984 .00345470905303955078 .00592757463455200195 .01137213706970214843 .01462302207946777343 ]
[.00057113170623779296 .00337553024291992187 .00938380956649780273 .02443892955780029296 .04335464239120483398 .08398127555847167968 .15301020145416259765 .21921417713165283203 ]
[.00207484960556030273 .01389989852905273437 .03808192014694213867 .09970914125442504882 .19811695814132690429 .40676009654998779296 .61924883127212524414 .93095756769180297851 ]
[.01023397445678710937 .06296609640121459960 .17642289400100708007 .48060586452484130859 .85845972299575805664 1.47158234119415283203 2.78340066671371459961 4.07764455080032348632 ]
];

%BTest I Single proc
bts=[[.00000109672546386718 ]
[.00000500679016113281 ]
[.00002386569976806640 ]
[.00016571283340454101 ]
];

%BTest Extra I
bte1=[[.00002950429916381835 .00021030902862548827 .00061873197555541992 .00180037021636962890 .00334053039550781250 .00860089063644409179 .01144332885742187499 .01504080295562744140 ]
[.00052930116653442382 .00369971990585327148 .01011307239532470703 .03415528535842895507 .06221311092376708984 .12587212324142456054 .18643589019775390624 .28574393987655639648 ]
[.00318384170532226562 .02103415727615356445 .04835497140884399414 .18690377473831176757 .34920203685760498046 .58458526134490966796 .90284547805786132812 1.39101567268371582031 ]
[.02445104122161865234 .12924082279205322265 .30205788612365722656 1.04956229925155639648 1.91101015806198120117 2.89156000614166259765 5.47918508052825927734 9.81577745676040649414 ]
];

%BTest Extra II
bte2=[[.00003883838653564453 .00027219057083129882 .00108556747436523437 .00167305469512939453 .00354635715484619140 .00831767320632934570 .01106997728347778320 .01608147621154785156 ]
[.00052764415740966796 .00369085073471069336 .01010816097259521484 .03250331878662109374 .06470906734466552734 .11857396364212036132 .18992260694503784179 .28855509757995605468 ]
[.00317560434341430664 .02104194164276123047 .05153809785842895507 .17992901802062988281 .33916498422622680664 .55108262300491333007 .86341220140457153320 1.40140842199325561523 ]
[.02463310956954956054 .12918609380722045898 .30013031959533691406 1.07363035678863525390 1.89580459594726562500 2.86683294773101806640 5.38340233564376831054 10.03586786985397338867 ]
];

%BTest Extra I Single proc
btes=[[.00000219345092773437 ]
[.00001651048660278320 ]
[.00009740591049194336 ]
[.00125195980072021484 ]
];

%AsBTest I
abt1=[[.00017462968826293945 .00060163736343383789 .00176602602005004882 .01469439268112182617 .03094813823699951171 .05861656665802001953 .09021712541580200195 .12292222976684570312 ]
[.00166389942169189453 .00754381418228149414 .02657073736190795898 .23847661018371582031 .45810949802398681640 .72229770421981811523 1.33982521295547485351 1.73310856819152832031 ]
[.00695000886917114257 .03015091419219970703 .10798481702804565429 .95324299335479736328 1.73037848472595214843 2.44187806844711303710 4.77204939126968383788 6.72457046508789062499 ]
[.03037941455841064453 .13189091682434082031 .43618352413177490234 3.13466495275497436523 7.00637931823730468749 10.48834176063537597656 18.68331274986267089843 27.76465046405792236328 ]
];

%AsBTest II
abt2=[[.00014348030090332031 .00064506530761718749 .00180534124374389648 .01480641365051269531 .03143895864486694335 .05483872890472412109 .08777111768722534179 .13582499027252197265 ]
[.00160877704620361328 .00765267610549926757 .02628782987594604492 .23701947927474975585 .42165981531143188476 .77508255243301391601 1.43260899782180786132 1.84705600738525390625 ]
[.00641083717346191406 .03045401573181152343 .10847042798995971679 .97102040052413940429 1.73941937685012817382 2.52603720426559448242 5.51687760353088378906 7.44824938774108886718 ]
[.02751626968383789062 .13012565374374389648 .43962302207946777343 4.42787786722183227539 7.90378702878952026367 11.32290656566619873046 22.61735830307006835937 30.96188682317733764648 ]
];

%AsBTest I Single proc
abts=[[.00000103712081909179 ]
[.00000498294830322265 ]
[.00002413988113403320 ]
[.00016710758209228515 ]
];

%AsBTest Extra I
abte1=[[.00008817911148071288 .00050126314163208007 .00158298015594482421 .01097669601440429687 .02755525112152099609 .05101628303527832031 .08041290044784545898 .11863813400268554687 ]
[.00131006240844726562 .00721254348754882812 .02605285644531250000 .23954820632934570312 .42069311141967773437 .74036743640899658203 1.20480680465698242187 1.79318698644638061523 ]
[.00562286376953125000 .03063871860504150390 .10838862657546997070 .89273459911346435546 1.64760317802429199218 2.45032215118408203125 4.56228308677673339843 6.97419046163558959960 ]
[.02814759016036987304 .14325680732727050781 .49041910171508789062 2.78182476758956909179 6.92161380052566528320 11.99188973903656005859 20.73967850208282470703 30.23212144374847412109 ]
];

%AsBTest Extra II
abte2=[[.00009298324584960937 .00050697326660156250 .00158114433288574218 .01358555555343627929 .02712838649749755859 .04968346357345581054 .08338041305541992187 .13542762994766235351 ]
[.00128644704818725585 .00747032165527343749 .02607830762863159179 .21659922599792480468 .40995945930480957031 .73389753103256225586 1.18281650543212890625 1.70600765943527221679 ]
[.00557004213333129882 .03171105384826660156 .10575985908508300781 .83053554296493530273 1.67811887264251708984 2.59183911085128784179 4.59850300550460815429 6.92546589374542236328 ]
[.02797520160675048828 .14421045780181884765 .49039897918701171874 2.81915075778961181640 6.96368429660797119140 12.49661238193511962890 21.10135074853897094726 31.41450139284133911132 ]
];

%AsBTest Extra I Single proc
abtes=[[.00000107288360595703 ]
[.00001283884048461914 ]
[.00009382963180541992 ]
[.00125141143798828125 ]
];

function computeEfficiency