procs=[2 4 6 8 10 12 14 16];
kappas=[4
16
32
64
];

%AsBTest I
abt1=[[.00017462968826293945 .00060163736343383789 .00176602602005004882 .01469439268112182617 .03094813823699951171 .05861656665802001953 .09021712541580200195 .12292222976684570312 ]
[.00166389942169189453 .00754381418228149414 .02657073736190795898 .23847661018371582031 .45810949802398681640 .72229770421981811523 1.33982521295547485351 1.73310856819152832031 ]
[.00695000886917114257 .03015091419219970703 .10798481702804565429 .95324299335479736328 1.73037848472595214843 2.44187806844711303710 4.77204939126968383788 6.72457046508789062499 ]
[.03037941455841064453 .13189091682434082031 .43618352413177490234 3.13466495275497436523 7.00637931823730468749 10.48834176063537597656 18.68331274986267089843 27.76465046405792236328 ]
];

%AsBTest II
abt2=[[.00014348030090332031 .00064506530761718749 .00180534124374389648 .01480641365051269531 .03143895864486694335 .05483872890472412109 .08777111768722534179 .13582499027252197265 ]
[.00160877704620361328 .00765267610549926757 .02628782987594604492 .23701947927474975585 .42165981531143188476 .77508255243301391601 1.43260899782180786132 1.84705600738525390625 ]
[.00641083717346191406 .03045401573181152343 .10847042798995971679 .97102040052413940429 1.73941937685012817382 2.52603720426559448242 5.51687760353088378906 7.44824938774108886718 ]
[.02751626968383789062 .13012565374374389648 .43962302207946777343 4.42787786722183227539 7.90378702878952026367 11.32290656566619873046 22.61735830307006835937 30.96188682317733764648 ]
];

%AsBTest I Single proc
abts=[[.00000103712081909179 ]
[.00000498294830322265 ]
[.00002413988113403320 ]
[.00016710758209228515 ]
];

%AsBTest Extra I
abte1=[[.00008817911148071288 .00050126314163208007 .00158298015594482421 .01097669601440429687 .02755525112152099609 .05101628303527832031 .08041290044784545898 .11863813400268554687 ]
[.00131006240844726562 .00721254348754882812 .02605285644531250000 .23954820632934570312 .42069311141967773437 .74036743640899658203 1.20480680465698242187 1.79318698644638061523 ]
[.00562286376953125000 .03063871860504150390 .10838862657546997070 .89273459911346435546 1.64760317802429199218 2.45032215118408203125 4.56228308677673339843 6.97419046163558959960 ]
[.02814759016036987304 .14325680732727050781 .49041910171508789062 2.78182476758956909179 6.92161380052566528320 11.99188973903656005859 20.73967850208282470703 30.23212144374847412109 ]
];

%AsBTest Extra II
abte2=[[.00009298324584960937 .00050697326660156250 .00158114433288574218 .01358555555343627929 .02712838649749755859 .04968346357345581054 .08338041305541992187 .13542762994766235351 ]
[.00128644704818725585 .00747032165527343749 .02607830762863159179 .21659922599792480468 .40995945930480957031 .73389753103256225586 1.18281650543212890625 1.70600765943527221679 ]
[.00557004213333129882 .03171105384826660156 .10575985908508300781 .83053554296493530273 1.67811887264251708984 2.59183911085128784179 4.59850300550460815429 6.92546589374542236328 ]
[.02797520160675048828 .14421045780181884765 .49039897918701171874 2.81915075778961181640 6.96368429660797119140 12.49661238193511962890 21.10135074853897094726 31.41450139284133911132 ]
];

%AsBTest Extra I Single proc
abtes=[[.00000107288360595703 ]
[.00001283884048461914 ]
[.00009382963180541992 ]
[.00125141143798828125 ]
];
