procs=[2 4 8 16];
kappas=[4
16
32
64
];
\n%I
t1=[[.00080760717391967773 .00301957130432128906 .01494625806808471679 .06040775775909423828 ]
[.00980547666549682617 .04105627536773681640 .11849663257598876953 .52451580762863159179 ]
[.04244700670242309570 .09411349296569824218 .32906916141510009765 2.07074375152587890625 ]
[.06786684989929199218 .21044131517410278320 1.31156207323074340820 10.24833381175994873046 ]
];
\n%II
t2=[[.00016200542449951171 .00306761264801025390 .01125466823577880859 .05065430402755737304 ]
[.00205402374267578125 .01640787124633789062 .08630107641220092773 .55654816627502441406 ]
[.00628365278244018554 .05521075725555419922 .25169767141342163086 2.07347581386566162109 ]
[.02694725990295410156 .14515465497970581054 .99545723199844360351 10.19712440967559814453 ]
];
\n%I Single proc
ts=[[.00000108480453491210 ]
[.00000654458999633788 ]
[.00002944469451904296 ]
[.00041030645370483398 ]
];
\n%Extra I
te1=[[.00006084442138671875 .00310202836990356445 .02020372152328491211 .06934803724288940429 ]
[.01118259429931640624 .04569497108459472656 .12591263055801391601 .58318752050399780273 ]
[.02551028728485107421 .11201562881469726562 .40328328609466552734 2.46990617513656616210 ]
[.06501733064651489257 .27117021083831787109 1.74406141042709350586 15.26939886808395385742 ]
];
\n%Extra II
te2=[[.00008569955825805664 .00460053682327270507 .01806204319000244140 .08389679193496704101 ]
[.01426554918289184570 .04606450796127319335 .12707893848419189453 .57376675605773925781 ]
[.02578514814376831054 .11508740186691284179 .40207698345184326172 2.49224030971527099609 ]
[.06434559822082519531 .28317065238952636718 1.71384524106979370117 15.27741961479187011718 ]
];
\n%Extra I Single proc
tes=[[.00000098943710327148 ]
[.00001615285873413085 ]
[.00010720491409301757 ]
[.00368103981018066406 ]
];
